tweet_id, favorite_count, retweet_count
892420643555336193,33813,7006
892177421306343426,29329,5301
891815181378084864,22048,3480
891689557279858688,36937,7226
891327558926688256,35313,7758
891087950875897856,17809,2600
890971913173991426,10362,1662
890729181411237888,56865,15753
890609185150312448,24524,3619
890240255349198849,27957,6098
890006608113172480,27035,6153
889880896479866881,24563,4166
889665388333682689,42055,8349
889638837579907072,23677,3715
889531135344209921,13354,1881
889278841981685760,22117,4443
888917238123831296,25638,3760
888804989199671297,22467,3535
888554962724278272,17316,2877
888078434458587136,19151,2892
887705289381826560,26622,4533
887517139158093824,40720,9848
887473957103951883,60191,15024
887343217045368832,29591,8814
887101392804085760,26984,4989
886983233522544640,30384,6316
886736880519319552,10504,2631
886680336477933568,19737,3735
886366144734445568,18549,2629
886267009285017600,105,4
886258384151887873,24524,5286
886054160059072513,0,93
885984800019947520,28613,5611
885528943205470208,31600,5327
885518971528720385,18004,3106
885311592912609280,0,15434
885167619883638784,19253,3669
884925521741709313,67285,15023
884876753390489601,24386,4673
884562892145688576,21321,3909
884441805382717440,23864,4790
884247878851493888,63303,16918
884162670584377345,17945,2505
883838122936631299,19172,2861
883482846933004288,40215,8269
883360690899218434,19947,3078
883117836046086144,32519,5533
882992080364220416,20983,3245
882762694511734784,24789,4094
882627270321602560,24601,5062
882268110199369728,39196,9630
882045870035918850,25728,4080
881906580714921986,21443,2854
881666595344535552,44550,8957
881633300179243008,113,8
881536004380872706,43441,13399
881268444196462592,20480,4492
880935762899988482,15053,2333
880872448815771648,18714,3200
880465832366813184,25033,5212
880221127280381952,23672,3466
880095782870896641,24335,3652
879862464715927552,19703,2928
879674319642796034,282,9
879492040517615616,20706,2628
879415818425184262,92854,37449
879376492567855104,14857,2649
879130579576475649,0,5739
879050749262655488,19798,3955
879008229531029506,16784,2241
878776093423087618,17137,3432
878604707211726852,26439,5926
878404777348136964,0,1077
878316110768087041,0,5526
878281511006478336,6779,1077
878057613040115712,37147,5739
877736472329191424,69278,15804
877611172832227328,0,70
877556246731214848,19907,3168
877316821321428993,24152,4347
877201837425926144,23868,4630
876838120628539392,18211,2804
876537666061221889,21026,3973
876484053909872640,16567,2000
876120275196170240,24688,3903
875747767867523072,22107,3583
875144289856114688,19421,4156
875097192612077568,24247,5114
875021211251597312,22547,3972
874680097055178752,24605,3919
874434818259525634,0,12212
874296783580663808,22969,3481
874057562936811520,20119,3377
874012996292530176,30132,8590
873580283840344065,21380,3343
873337748698140672,0,1331
873213775632977920,6321,1331
872967104147763200,24073,4561
872820683541237760,13072,3166
872620804844003328,18328,3067
872486979161796608,36091,7718
872122724285648897,30235,6826
871879754684805121,33112,9248
871762521631449091,17888,2970
871515927908634625,17892,2940
871166179821445120,0,4892
871102520638267392,18545,4676
871032628920680449,20159,3222
870804317367881728,29792,5283
870726314365509632,105,3
870656317836468226,10889,2206
870374049280663552,73957,22751
870308999962521604,19483,3548
870063196459192321,32419,7076
869772420881756160,38013,8697
869702957897576449,25061,5386
869596645499047938,14209,2639
869227993411051520,18138,3200
868880397819494401,57981,12263
868639477480148993,0,1753
868622495443632128,23642,4471
868552278524837888,8972,1753
867900495410671616,21607,3572
867774946302451713,30276,6256
867421006826221569,14352,2115
867072653475098625,0,101
867051520902168576,28715,6787
866720684873056260,17876,4131
866686824827068416,17136,2972
866450705531457537,108888,30206
866334964761202691,46622,12212
866094527597207552,0,7169
865718153858494464,22934,4850
865359393868664832,23614,4291
865006731092295680,25045,6674
864873206498414592,28868,7499
864279568663928832,13076,2583
864197398364647424,26644,7588
863907417377173506,18439,3592
863553081350529029,13686,3634
863471782782697472,0,2092
863432100342583297,21316,4554
863427515083354112,1961,80
863079547188785154,7899,953
863062471531167744,7526,2092
862831371563274240,17216,4460
862722525377298433,15336,3091
862457590147678208,18288,4254
862096992088072192,66320,20011
861383897657036800,32307,9272
861288531465048066,15358,3592
861005113778896900,14997,3339
860981674716409858,0,1857
860924035999428608,0,678
860563773140209665,6723,1857
860524505164394496,21261,4605
860276583193509888,16592,3073
860184849394610176,15023,5126
860177593139703809,0,26760
859924526012018688,17646,3585
859851578198683649,13977,3070
859607811541651456,16845,1365
859196978902773760,80586,26286
859074603037188101,30452,11974
858860390427611136,0,7085
858843525470990336,14131,3027
858471635011153920,19500,4264
858107933456039936,14244,2540
857989990357356544,14500,2267
857746408056729600,30824,9353
857393404942143489,5310,1444
857263160327368704,18255,3981
857214891891077121,204,16
857062103051644929,0,148
857029823797047296,17054,3493
856543823941562368,14843,2549
856526610513747968,10831,1654
856288084350160898,488,15
856282028240666624,25253,5585
855860136149123072,4408,853
855857698524602368,10863,1862
855851453814013952,41916,16137
855818117272018944,24287,4816
855459453768019968,27117,7308
855245323840757760,0,5268
855138241867124737,0,36
854732716440526848,20703,5355
854482394044301312,26598,6028
854365224396361728,17211,4154
854120357044912130,29246,6600
854010172552949760,14843,2795
853760880890318849,26106,5118
853639147608842240,31577,8888
853299958564483072,14179,3172
852936405516943360,0,1790
852912242202992640,8256,1602
852672615818899456,13655,1914
852553447878664193,14913,3122
852311364735569921,30386,8887
852226086759018497,18365,6101
852189679701164033,10575,1419
851591660324737024,14975,3127
851464819735769094,22287,6319
851224888060895234,19063,5176
850753642995093505,28177,8091
850380195714523136,12090,2334
850333567704068097,3193,301
850145622816686080,15063,3400
850019790995546112,18799,4377
849776966551130114,27936,6827
849668094696017920,0,4451
849412302885593088,14688,2835
849336543269576704,10567,1695
849051919805034497,39057,7637
848690551926992896,23298,3930
848324959059550208,22855,4158
848213670039564288,7546,646
848212111729840128,15049,2722
847978865427394560,0,2926
847971574464610304,0,396
847962785489326080,21757,4583
847842811428974592,5019,1193
847617282490613760,6473,376
847606175596138505,17374,3095
847251039262605312,18993,3925
847157206088847362,18393,5262
847116187444137987,19896,2881
846874817362120707,18648,3555
846514051647705089,41248,10400
846505985330044928,13094,2764
846153765933735936,29131,8188
846139713627017216,28847,9176
846042936437604353,14833,2593
845812042753855489,27067,7880
845677943972139009,23468,4388
845397057150107648,7093,1622
845306882940190720,21650,4868
845098359547420673,0,6951
844979544864018432,12692,2317
844973813909606400,13949,2860
844580511645339650,15310,2820
844223788422217728,12710,1994
843981021012017153,14140,2701
843856843873095681,19986,4175
843604394117681152,15730,2483
843235543001513987,19999,5427
842846295480000512,14234,3318
842765311967449089,6303,1177
842535590457499648,16942,3187
842163532590374912,22767,5268
842115215311396866,13052,2763
841833993020538882,0,13598
841680585030541313,24066,7169
841439858740625411,11753,3334
841320156043304961,18444,5027
841314665196081154,14766,4243
841077006473256960,21361,4892
840761248237133825,0,1622
840728873075638272,0,14615
840698636975636481,165,2
840696689258311684,11500,891
840632337062862849,8440,1622
840370681858686976,15355,4185
840268004936019968,17925,5226
839990271299457024,12535,2072
839549326359670784,25618,7085
839290600511926273,0,132
839239871831150596,25268,5950
838952994649550848,18400,3667
838921590096166913,10435,1858
838916489579200512,0,31
838831947270979586,0,10050
838561493054533637,10260,1234
838476387338051585,21002,4352
838201503651401729,0,9218
838150277551247360,1570,304
838085839343206401,133,1
838083903487373313,16492,2849
837820167694528512,31881,7169
837482249356513284,3614,408
837471256429613056,12005,2065
837110210464448512,15079,2184
836989968035819520,11967,2119
836753516572119041,18154,4270
836677758902222849,11863,2025
836648853927522308,0,508
836397794269200385,0,25130
836380477523124226,13926,2748
836260088725786625,19980,3984
836001077879255040,17923,3902
835685285446955009,0,7432
835574547218894849,16682,3305
835536468978302976,0,1546
835309094223372289,0,19198
835297930240217089,15451,2747
835264098648616962,7244,1546
835246439529840640,1992,63
835172783151792128,24603,5302
835152434251116546,20980,2763
834931633769889797,10121,1494
834786237630337024,20252,5114
834574053763584002,12828,2316
834477809192075265,0,9786
834458053273591808,9044,1549
834209720923721728,19281,4338
834167344700198914,14856,3369
834089966724603904,9464,1966
834086379323871233,12259,2044
833863086058651648,12646,2215
833826103416520705,17095,3492
833732339549220864,0,205
833722901757046785,19716,3000
833479644947025920,14029,1894
833124694597443584,18998,4451
832998151111966721,12452,2023
832769181346996225,0,38
832757312314028032,15871,3323
832682457690300417,11159,2668
832645525019123713,2743,485
832636094638288896,14920,2565
832397543355072512,11258,2038
832369877331693569,16103,2926
832273440279240704,10668,2149
832215909146226688,0,5733
832215726631055365,0,8600
832088576586297345,59,2
832040443403784192,0,8836
832032802820481025,16795,4306
831939777352105988,22499,5662
831926988323639298,319,34
831911600680497154,25881,5991
831670449226514432,9801,1690
831650051525054464,6690,1790
831552930092285952,8466,2163
831322785565769729,8758,1447
831315979191906304,6181,1039
831309418084069378,11109,2272
831262627380748289,11179,1894
830956169170665475,7520,1377
830583320585068544,62517,15433
830173239259324417,0,5248
830097400375152640,9179,2703
829878982036299777,0,4614
829861396166877184,11538,1795
829501995190984704,29925,9786
829449946868879360,9893,1863
829141528400556032,22931,6774
829011960981237760,50308,15121
828801551087042563,0,3168
828770345708580865,24114,5401
828708714936930305,34291,10343
828650029636317184,8963,1241
828409743546925057,6047,1080
828408677031882754,7263,1189
828381636999917570,11881,2063
828376505180889089,6989,995
828372645993398273,11879,2727
828361771580813312,2072,165
828046555563323392,11062,2658
828011680017821696,9782,1997
827933404142436356,18872,4838
827653905312006145,14602,2795
827600520311402496,7065,865
827324948884643840,14956,2812
827199976799354881,10009,2062
826958653328592898,20332,4614
826848821049180160,34052,9348
826615380357632002,0,3683
826598799820865537,4862,230
826598365270007810,9456,2183
826476773533745153,17374,3893
826240494070030336,12537,2418
826204788643753985,4601,856
826115272272650244,14742,2874
825876512159186944,9924,1737
825829644528148480,12028,2336
825535076884762624,53995,16362
825147591692263424,17266,4186
825120256414846976,0,1168
825026590719483904,5910,1168
824796380199809024,0,5103
824775126675836928,14066,3276
824663926340194305,9941,1646
824325613288833024,11184,9890
824297048279236611,14232,3569
824025158776213504,4576,558
823939628516474880,10057,2541
823719002937630720,0,10362
823699002998870016,13211,2336
823581115634085888,12270,2445
823333489516937216,662,22
823322678127919110,14836,3717
823269594223824897,0,9233
822975315408461824,16372,3200
822872901745569793,124106,39917
822859134160621569,12455,2110
822647212903690241,0,5957
822610361945911296,13976,2735
822489057087389700,17115,5957
822462944365645825,26315,13156
822244816520155136,33123,9233
822163064745328640,0,4379
821886076407029760,10679,2142
821813639212650496,0,3127
821765923262631936,7905,1556
821522889702862852,7570,1633
821421320206483457,0,5129
821407182352777218,11107,3995
821153421864615936,236,9
821149554670182400,8111,1826
821107785811234820,9072,1974
821044531881721856,11962,2126
820837357901512704,0,6241
820749716845686786,29845,9218
820690176645140481,11586,3004
820494788566847489,0,523
820446719150292993,0,2394
820314633777061888,3159,523
820078625395449857,18650,5794
820013781606658049,0,1082
819952236453363712,5015,1082
819924195358416896,12238,4548
819711362133872643,12616,2875
819588359383371776,9156,1868
819347104292290561,6844,1116
819238181065359361,2138,379
819227688460238848,21798,6241
819015337530290176,0,34542
819015331746349057,0,17794
819006400881917954,43046,17794
819004803107983360,82709,34542
818646164899774465,0,19454
818627210458333184,21228,7058
818614493328580609,9300,2354
818588835076603904,0,5697
818536468981415936,10278,2272
818307523543449600,0,7463
818259473185828864,10423,2087
818145370475810820,11620,2369
817908911860748288,4609,740
817827839487737858,48649,25130
817777686764523521,10224,2521
817536400337801217,11127,2728
817502432452313088,0,3145
817423860136083457,31863,13598
817415592588222464,5297,889
817181837579653120,0,7868
817171292965273600,8313,1869
817120970343411712,11550,2413
817056546584727552,8141,1517
816829038950027264,0,4390
816816676327063552,9481,1896
816697700272001025,9244,2056
816450570814898180,28716,7463
816336735214911488,8167,1803
816091915477250048,8479,1989
816062466425819140,0,944
816014286006976512,0,4879
815990720817401858,4689,944
815966073409433600,21139,7868
815745968457060357,0,3859
815736392542261248,9309,2121
815639385530101762,7826,1553
815390420867969024,9828,3572
814986499976527872,7257,1186
814638523311648768,10694,2523
814578408554463233,0,5459
814530161257443328,8219,1740
814153002265309185,27261,8115
813944609378369540,0,2958
813910438903693312,8859,1731
813812741911748608,34642,13033
813800681631023104,7885,1649
813217897535406080,17693,6849
813202720496779264,8771,1705
813187593374461952,18837,4048
813172488309972993,8810,1809
813157409116065792,7383,2066
813142292504645637,8083,2243
813130366689148928,4261,418
813127251579564032,11214,2920
813112105746448384,9798,2568
813096984823349248,10038,3388
813081950185472002,9424,2596
813066809284972545,7543,1828
813051746834595840,19923,6861
812781120811126785,7154,1787
812709060537683968,6295,1352
812503143955202048,5743,1148
812466873996607488,7571,1802
812372279581671427,12938,3424
811985624773361665,6911,1312
811744202451197953,7165,1477
811647686436880384,5321,682
811627233043480576,12081,2853
811386762094317568,19872,5982
810984652412424192,5058,1330
810896069567610880,8550,1644
810657578271330305,10432,2468
810284430598270976,33332,10496
810254108431155201,13977,3168
809920764300447744,14785,3683
809808892968534016,0,4580
809448704142938112,6612,1370
809220051211603969,18895,5248
809084759137812480,12563,3306
808838249661788160,9644,2867
808733504066486276,7507,2034
808501579447930884,10763,2454
808344865868283904,40207,19454
808134635716833280,0,5520
808106460588765185,8390,2069
808001312164028416,11855,3312
807621403335917568,13856,3389
807106840509214720,111682,51668
807059379405148160,0,6892
807010152071229440,12481,3634
806629075125202948,70629,32391
806620845233815552,0,5148
806576416489959424,4664,1824
806542213899489280,9737,2218
806242860592926720,0,10887
806219024703037440,6135,1134
805958939288408065,0,5016
805932879469572096,7887,1802
805826884734976000,6243,1716
805823200554876929,0,7482
805520635690676224,5487,1551
805487436403003392,8353,2382
805207613751304193,7485,1628
804738756058218496,12998,3601
804475857670639616,5846,1892
804413760345620481,0,3012
804026241225523202,42079,15054
803773340896923648,9568,2589
803692223237865472,0,6931
803638050916102144,10380,3885
803380650405482500,7396,1769
803321560782307329,0,4960
803276597545603072,9556,2298
802952499103731712,8579,1874
802624713319034886,0,2726
802600418706604034,6767,1383
802572683846291456,8521,2356
802323869084381190,15345,5482
802265048156610565,6623,1295
802239329049477120,8649,2459
802185808107208704,0,251
801958328846974976,7368,1597
801854953262350336,1726,219
801538201127157760,7817,1952
801285448605831168,5743,771
801167903437357056,23168,5520
801127390143516673,0,3698
801115127852503040,7680,1985
800859414831898624,647,91
800855607700029440,0,1517
800751577355128832,10093,2635
800513324630806528,12504,2833
800459316964663297,9048,2060
800443802682937345,0,4025
800388270626521089,10626,2637
800188575492947969,0,3695
800141422401830912,14518,2394
800018252395122689,26913,12326
799774291445383169,0,4373
799757965289017345,7967,2003
799422933579902976,7692,1800
799308762079035393,0,5090
799297110730567681,9388,2567
799063482566066176,7697,2340
798933969379225600,12429,4161
798925684722855936,7160,1362
798705661114773508,0,6220
798701998996647937,0,7248
798697898615730177,0,6102
798694562394996736,0,4643
798686750113755136,0,2180
798682547630837760,0,4435
798673117451325440,0,5225
798665375516884993,0,3677
798644042770751489,0,1746
798628517273620480,0,1867
798585098161549313,0,5276
798576900688019456,0,5486
798340744599797760,0,3141
798209839306514432,9932,2425
797971864723324932,10959,2893
797545162159308800,13886,4620
797236660651966464,18943,6163
797165961484890113,212,24
796904159865868288,0,8359
796865951799083009,7314,1829
796759840936919040,11216,2837
796563435802726400,0,6746
796484825502875648,7189,1652
796387464403357696,10470,3892
796177847564038144,0,13380
796149749086875649,30539,13380
796125600683540480,4739,1686
796116448414461957,8647,2254
796080075804475393,8025,2168
796031486298386433,10277,3501
795464331001561088,46811,21982
795400264262053889,9520,2686
795076730285391872,15351,5103
794983741416415232,0,3160
794926597468000259,9685,2160
794355576146903043,0,9669
794332329137291264,9135,2538
794205286408003585,8778,3113
793962221541933056,15914,4580
793845145112371200,8779,1747
793614319594401792,0,2927
793601777308463104,7584,1518
793500921481273345,10130,2236
793286476301799424,23359,8600
793271401113350145,8261,2248
793256262322548741,18943,7810
793241302385262592,9995,3078
793226087023144960,9289,2718
793210959003287553,8485,2610
793195938047070209,14464,5279
793180763617361921,6570,1867
793165685325201412,8915,2627
793150605191548928,5856,1597
793135492858580992,6087,2362
793120401413079041,12032,3689
792913359805018113,13608,3718
792883833364439040,10715,4004
792773781206999040,7001,1572
792394556390137856,12731,4017
792050063153438720,6778,1673
791821351946420224,0,19722
791784077045166082,0,8908
791780927877898241,0,3558
791774931465953280,42782,20777
791672322847637504,11154,2927
791406955684368384,12491,3859
791312159183634433,8326,2367
791026214425268224,0,3819
790987426131050500,9310,1993
790946055508652032,15866,4390
790723298204217344,0,2145
790698755171364864,7805,1808
790581949425475584,19572,6651
790337589677002753,7422,1769
790277117346975746,11905,2958
790227638568808452,0,3312
789986466051088384,8812,2145
789960241177853952,0,3837
789903600034189313,9792,3887
789628658055020548,7084,1651
789599242079838210,6382,1796
789530877013393408,11097,3160
789314372632018944,8203,2139
789280767834746880,0,4592
789268448748703744,8668,2449
789137962068021249,9228,2608
788908386943430656,26080,11716
788765914992902144,25917,9669
788552643979468800,0,6667
788412144018661376,14726,4929
788178268662984705,6901,1980
788150585577050112,5804,1200
788070120937619456,0,3215
788039637453406209,5802,1230
787810552592695296,8156,2841
787717603741622272,9716,2586
787397959788929025,10339,2670
787322443945877504,7399,1628
787111942498508800,0,6299
786963064373534720,25289,7432
786729988674449408,0,2275
786709082849828864,17377,5733
786664955043049472,10056,2365
786595970293370880,8982,2917
786363235746385920,10285,3220
786286427768250368,7566,2647
786233965241827333,14414,4379
786051337297522688,1353,148
786036967502913536,0,6503
785927819176054784,10815,2991
785872687017132033,6345,1673
785639753186217984,7459,2106
785533386513321988,8594,1841
785515384317313025,5798,1166
785264754247995392,6910,1519
785170936622350336,11385,4500
784826020293709826,9577,3012
784517518371221505,8502,2366
784431430411685888,5449,1184
784183165795655680,18965,7482
784057939640352768,28126,10362
783839966405230592,28408,10050
783821107061198850,6990,1829
783695101801398276,9874,2990
783466772167098368,7985,2076
783391753726550016,16005,5093
783347506784731136,0,5147
783334639985389568,27497,10887
783085703974514689,7739,2020
782969140009107456,22820,6892
782747134529531904,7070,1319
782722598790725632,16303,5016
782598640137187329,7381,1766
782305867769217024,15716,5129
782021823840026624,0,5740
781955203444699136,10571,3138
781661882474196992,9882,2528
781655249211752448,3786,1053
781524693396357120,19597,5148
781308096455073793,6753,2385
781251288990355457,7926,1930
781163403222056960,9274,2583
780931614150983680,20499,6746
780858289093574656,6802,1865
780800785462489090,5196,1201
780601303617732608,11429,3127
780543529827336192,5953,1627
780496263422808064,0,3424
780476555013349377,0,103
780459368902959104,5000,1003
780192070812196864,8221,2089
780092040432480260,0,2137
780074436359819264,11439,4570
779834332596887552,17771,6503
779377524342161408,8246,2887
779124354206535695,0,17028
779056095788752897,13897,4212
778990705243029504,18754,6657
778774459159379968,0,9155
778764940568104960,820,338
778748913645780993,6463,1206
778650543019483137,5426,1391
778624900596654080,4342,943
778408200802557953,12870,4007
778396591732486144,0,11344
778383385161035776,5507,1019
778286810187399168,9746,3063
778039087836069888,7995,2466
778027034220126208,6199,1493
777953400541634568,0,3268
777885040357281792,5999,1515
777684233540206592,10624,2726
777641927919427584,0,3921
777621514455814149,8223,2341
777189768882946048,13318,3985
776819012571455488,0,12607
776813020089548800,4605,1114
776477788987613185,8251,2559
776249906839351296,0,8462
776218204058357768,28106,14734
776201521193218049,9025,2335
776113305656188928,11120,4025
776088319444877312,1714,141
775898661951791106,0,15537
775842724423557120,11038,2466
775733305207554048,13082,3698
775729183532220416,12271,4280
775364825476165632,6951,2713
775350846108426240,9583,3629
775085132600442880,14630,4373
774757898236878852,8138,1656
774639387460112384,6368,1614
774314403806253056,20544,5090
773985732834758656,10165,3587
773922284943896577,6058,1629
773704687002451968,6238,1498
773670353721753600,5056,1223
773547596996571136,20831,5697
773336787167145985,0,4672
773308824254029826,21990,6951
773247561583001600,8887,3004
773191612633579521,9399,3804
772877495989305348,8049,3579
772826264096874500,7568,2210
772615324260794368,0,3118
772581559778025472,6113,1587
772193107915964416,5681,1291
772152991789019136,3590,1054
772117678702071809,3554,687
772114945936949249,2583,439
772102971039580160,3774,866
771908950375665664,6190,1756
771770456517009408,11290,3141
771500966810099713,7777,2421
771380798096281600,9917,4672
771171053431250945,0,6894
771136648247640064,8613,2709
771102124360998913,5862,1333
771014301343748096,6487,1539
770787852854652928,4623,1104
770772759874076672,4890,1326
770655142660169732,6928,1668
770414278348247044,5943,1927
770293558247038976,5854,1356
770093767776997377,0,2817
770069151037685760,7142,2125
769940425801170949,29301,8836
769695466921623552,6048,1563
769335591808995329,0,7128
769212283578875904,5085,1600
768970937022709760,13412,6002
768909767477751808,0,2443
768855141948723200,3937,826
768609597686943744,3860,1099
768596291618299904,4736,1188
768554158521745409,0,5385
768473857036525572,12777,3160
768193404517830656,10198,3268
767884188863397888,4469,1266
767754930266464257,14991,4960
767500508068192258,7057,2151
767191397493538821,11543,3479
767122157629476866,9557,2647
766793450729734144,4751,1259
766714921925144576,2465,348
766693177336135680,3798,730
766423258543644672,5642,1459
766313316352462849,6345,1734
766078092750233600,0,2424
766069199026450432,3949,775
766008592277377025,3539,461
765719909049503744,6806,1995
765669560888528897,4858,1132
765395769549590528,25130,3117
765371061932261376,6683,2005
765222098633691136,10932,3118
764857477905154048,6085,1648
764259802650378240,5644,1393
763956972077010945,734,50
763837565564780549,11771,3819
763183847194451968,5064,1359
763167063695355904,0,2752
763103485927849985,6938,2123
762699858130116608,11372,3312
762471784394268675,10522,5919
762464539388485633,9652,3837
762316489655476224,4504,1028
762035686371364864,29825,14310
761976711479193600,5050,1828
761750502866649088,0,3590
761745352076779520,4020,794
761672994376806400,46315,26760
761599872357261312,3885,1102
761371037149827077,0,16664
761334018830917632,4833,1339
761292947749015552,4196,1001
761227390836215808,5005,1447
761004547850530816,10657,3215
760893934457552897,3577,890
760656994973933572,6183,1752
760641137271070720,4681,1190
760539183865880579,7082,3346
760521673607086080,3926,1288
760290219849637889,25093,10578
760252756032651264,3710,798
760190180481531904,5354,1653
760153949710192640,0,28
759943073749200896,5532,1934
759846353224826880,6299,1798
759793422261743616,5584,1762
759557299618865152,4404,1103
759447681597108224,7949,2275
759446261539934208,1565,454
759197388317847553,5700,1804
759159934323924993,0,1067
759099523532779520,13636,3826
759047813560868866,6076,1850
758854675097526272,3328,842
758828659922702336,10489,3557
758740312047005698,5381,1499
758474966123810816,3562,914
758467244762497024,4478,2029
758405701903519748,4877,1764
758355060040593408,3160,966
758099635764359168,17740,9155
758041019896193024,2533,339
757741869644341248,6419,3026
757729163776290825,0,7215
757725642876129280,4254,1113
757611664640446465,4292,1009
757597904299253760,0,278
757596066325864448,4074,959
757400162377592832,14153,6324
757393109802180609,5453,1578
757354760399941633,4210,1302
756998049151549440,5873,1835
756939218950160384,6224,1841
756651752796094464,4706,1192
756526248105566208,9720,3303
756303284449767430,3703,1005
756288534030475264,41231,16326
756275833623502848,5987,1406
755955933503782912,6831,2633
755206590534418437,15319,4908
755110668769038337,19762,10196
754874841593970688,0,7249
754856583969079297,6451,2311
754747087846248448,2421,477
754482103782404096,4941,1793
754449512966619136,3510,672
754120377874386944,7402,2163
753655901052166144,5463,1996
753420520834629632,7353,3236
753398408988139520,5358,1731
753375668877008896,7151,2137
753298634498793472,0,5214
753294487569522689,3128,960
753039830821511168,34620,19198
753026973505581056,3659,877
752932432744185856,11766,6299
752917284578922496,6509,1444
752701944171524096,0,2619
752682090207055872,5611,1460
752660715232722944,4082,1424
752568224206688256,5119,2087
752519690950500352,6868,3157
752334515931054080,3594,1009
752309394570878976,0,14905
752173152931807232,5552,1671
751950017322246144,2853,832
751937170840121344,4836,1201
751830394383790080,5447,1788
751793661361422336,5398,2618
751598357617971201,7420,2832
751583847268179968,4112,1004
751538714308972544,4725,1148
751456908746354688,3012,925
751251247299190784,11745,5397
751205363882532864,5906,1666
751132876104687617,4728,1187
750868782890057730,4466,1251
750719632563142656,12271,4592
750506206503038976,4143,1055
750429297815552001,12307,3921
750383411068534784,4267,1042
750381685133418496,670,27
750147208377409536,2912,875
750132105863102464,3374,1183
750117059602808832,4055,1212
750101899009982464,2848,777
750086836815486976,2023,491
750071704093859840,7260,3037
750056684286914561,2954,820
750041628174217216,2969,567
750026558547456000,2533,720
750011400160841729,3014,821
749996283729883136,2836,756
749981277374128128,4786,2278
749774190421639168,4356,1211
749417653287129088,5696,1517
749403093750648834,2439,492
749395845976588288,7965,3158
749317047558017024,5100,2050
749075273010798592,5374,1888
749064354620928000,4504,1408
749036806121881602,2883,731
748977405889503236,10036,3133
748932637671223296,5411,2062
748705597323898880,2585,879
748699167502000129,4416,1460
748692773788876800,3958,1229
748575535303884801,5643,1813
748568946752774144,2049,610
748346686624440324,4859,1122
748337862848962560,7071,3739
748324050481647620,3462,693
748307329658011649,3450,655
748220828303695873,13152,7118
747963614829678593,5390,1958
747933425676525569,6179,2359
747885874273214464,2725,882
747844099428986880,2630,677
747816857231626240,4506,1061
747651430853525504,1275,143
747648653817413632,11984,5335
747600769478692864,2171,523
747594051852075008,3426,950
747512671126323200,5138,1478
747461612269887489,3598,949
747439450712596480,5042,1752
747242308580548608,0,2636
747219827526344708,4899,1442
747204161125646336,3128,833
747103485104099331,8898,3629
746906459439529985,2724,271
746872823977771008,5583,1950
746818907684614144,4956,1596
746790600704425984,4528,1466
746757706116112384,8859,3558
746726898085036033,5641,1642
746542875601690625,4699,1747
746521445350707200,0,901
746507379341139972,4348,991
746369468511756288,5769,1490
746131877086527488,6401,2003
746056683365994496,3325,741
745789745784041472,3677,965
745712589599014916,6516,2131
745433870967832576,6552,2312
745422732645535745,7951,2206
745314880350101504,6614,2484
745074613265149952,7285,3188
745057283344719872,6759,2056
744995568523612160,2751,569
744971049620602880,7312,2449
744709971296780288,5233,1440
744334592493166593,6345,1937
744234799360020481,144857,70714
744223424764059648,1534,327
743980027717509120,3905,1005
743895849529389061,3409,881
743835915802583040,0,1874
743609206067040256,4163,1270
743595368194129920,16987,5966
743545585370791937,3285,862
743510151680958465,7417,3418
743253157753532416,3936,1124
743222593470234624,5735,1744
743210557239623680,3561,1237
742534281772302336,6572,3284
742528092657332225,4111,1796
742465774154047488,6763,3608
742423170473463808,9108,3424
742385895052087300,6292,1780
742161199639494656,4009,1248
742150209887731712,4721,1402
741793263812808706,4217,1388
741743634094141440,7554,2501
741438259667034112,3421,747
741303864243200000,8139,2923
741099773336379392,9241,5029
741067306818797568,8870,2817
740995100998766593,5834,2476
740711788199743490,3151,865
740699697422163968,2652,710
740676976021798912,16854,6220
740373189193256964,32610,12141
740365076218183684,2251,389
740359016048689152,3052,798
740214038584557568,6193,1790
739979191639244800,18529,5385
739932936087216128,3762,987
739844404073074688,3532,791
739623569819336705,3502,1241
739606147276148736,4998,1495
739544079319588864,36507,19280
739485634323156992,6613,2643
739238157791694849,107234,52891
738891149612572673,90,6
738885046782832640,3505,1045
738883359779196928,3051,723
738537504001953792,4708,1399
738402415918125056,3019,743
738184450748633089,3981,1108
738166403467907072,8092,3041
738156290900254721,2289,586
737826014890496000,4840,1611
737800304142471168,9282,3176
737678689543020544,4638,1203
737445876994609152,9464,4065
737322739594330112,3327,736
737310737551491075,13550,6760
736736130620620800,3891,1543
736392552031657984,16365,6667
736365877722001409,3682,1116
736225175608430592,7501,2551
736010884653420544,7267,2709
735991953473572864,3304,1037
735648611367784448,3734,1015
735635087207878657,5673,2145
735274964362878976,12055,4553
735256018284875776,3073,803
735137028879360001,2885,885
734912297295085568,2551,472
734787690684657664,11581,5765
734776360183431168,2329,489
734559631394082816,1378,355
733828123016450049,3308,718
733822306246479872,3389,932
733482008106668032,2884,854
733460102733135873,3877,1140
733109485275860992,49398,15537
732732193018155009,2233,483
732726085725589504,3298,799
732585889486888962,3368,713
732375214819057664,7442,2286
732005617171337216,13714,4879
731285275100512256,3225,903
731156023742988288,3550,1144
730924654643314689,5654,1791
730573383004487680,4473,1918
730427201120833536,3210,941
730211855403241472,3507,959
730196704625098752,4452,1709
729854734790754305,3723,1018
729838605770891264,1603,338
729823566028484608,3661,1127
729463711119904772,5324,2099
729113531270991872,1743,288
728986383096946689,2893,742
728760639972315136,4304,1547
728751179681943552,2552,617
728653952833728512,3067,949
728409960103686147,4509,1827
728387165835677696,3429,879
728046963732717569,3950,1086
728035342121635841,4168,1515
728015554473250816,3797,992
727685679342333952,2735,576
727644517743104000,5402,1591
727524757080539137,4122,1088
727314416056803329,3072,673
727286334147182592,2832,747
727175381690781696,3602,1246
727155742655025152,3338,1202
726935089318363137,6319,2210
726887082820554753,3537,1371
726828223124897792,3309,920
726224900189511680,4088,1044
725842289046749185,6533,2424
725786712245440512,3854,1248
725729321944506368,4806,1609
725458796924002305,1308,557
724983749226668032,3450,1170
724771698126512129,2162,568
724405726123311104,4879,1515
724049859469295616,3988,1623
724046343203856385,2458,513
724004602748780546,3840,1395
723912936180330496,3597,1127
723688335806480385,7052,2647
723673163800948736,2794,816
723179728551723008,4873,1692
722974582966214656,3777,1443
722613351520608256,4596,1496
721503162398597120,4240,1649
721001180231503872,2350,551
720785406564900865,2863,700
720775346191278080,2258,570
720415127506415616,3800,1366
720389942216527872,5883,2269
720340705894408192,2630,881
720059472081784833,3565,1021
720043174954147842,4581,1820
719991154352222208,4491,1600
719704490224398336,4188,1302
719551379208073216,4655,1716
719367763014393856,2605,692
719339463458033665,4113,1122
719332531645071360,3184,860
718971898235854848,3217,986
718939241951195136,4813,1587
718631497683582976,17387,7248
718613305783398402,2264,430
718540630683709445,2245,927
718460005985447936,2513,478
718454725339934721,4517,1384
718246886998687744,1765,448
718234618122661888,3575,915
717841801130979328,2278,545
717790033953034240,2637,990
717537687239008257,5331,1667
717428917016076293,1479,408
717421804990701568,2898,759
717047459982213120,5816,1744
717009362452090881,2988,872
716802964044845056,3973,1051
716791146589110272,7757,1459
716730379797970944,1136,397
716447146686459905,12036,5325
716439118184652801,2201,191
716285507865542656,2562,969
716080869887381504,6265,1712
715928423106027520,2940,796
715758151270801409,3427,1291
715733265223708672,4296,1534
715704790270025728,2566,515
715696743237730304,3619,1170
715680795826982913,3976,1447
715360349751484417,5051,1414
715342466308784130,2801,627
715220193576927233,2219,590
715200624753819648,4764,1688
715009755312439296,3825,1107
714982300363173890,3438,937
714962719905021952,6763,3845
714957620017307648,3824,1284
714631576617938945,3019,900
714606013974974464,3354,834
714485234495041536,2462,1013
714258258790387713,2828,671
714251586676113411,3032,762
714214115368108032,2118,802
714141408463036416,4012,1284
713919462244790272,3051,724
713909862279876608,1753,486
713900603437621249,2627,665
713761197720473600,4474,1244
713411074226274305,4103,1190
713177543487135744,6666,2600
713175907180089344,4099,1335
712809025985978368,17583,6102
712717840512598017,11350,4519
712668654853337088,3836,1102
712438159032893441,4917,1422
712309440758808576,222,24
712097430750289920,3470,938
712092745624633345,2716,814
712085617388212225,3021,438
712065007010385924,2078,570
711998809858043904,0,122
711968124745228288,7427,2097
711743778164514816,2625,912
711732680602345472,8102,3702
711694788429553666,30326,16664
711652651650457602,3558,822
711363825979756544,3334,1020
711306686208872448,3060,680
711008018775851008,2748,560
710997087345876993,4226,1267
710844581445812225,2357,614
710833117892898816,2476,476
710658690886586372,2145,515
710609963652087808,4442,2162
710588934686908417,4189,1701
710296729921429505,2205,672
710283270106132480,2001,481
710272297844797440,4156,1145
710269109699739648,2203,1019
710153181850935296,2688,814
710140971284037632,2524,805
710117014656950272,5039,1785
709918798883774466,3233,995
709901256215666688,608,92
709852847387627521,3245,1092
709566166965075968,3262,1077
709556954897764353,3029,975
709519240576036864,1389,219
709449600415961088,2028,519
709409458133323776,2433,617
709225125749587968,2216,522
709207347839836162,11442,5195
709198395643068416,2273,591
709179584944730112,1857,611
709158332880297985,1883,367
709042156699303936,4349,1483
708853462201716736,1671,595
708845821941387268,2745,806
708834316713893888,1557,452
708810915978854401,15255,6268
708738143638450176,2548,742
708711088997666817,2343,641
708479650088034305,2346,618
708469915515297792,2856,733
708400866336894977,14704,9093
708356463048204288,3308,1200
708349470027751425,2193,677
708149363256774660,3996,1415
708130923141795840,3105,786
708119489313951744,2489,899
708109389455101952,1805,502
708026248782585858,4076,1754
707995814724026368,2880,1017
707983188426153984,45,2
707969809498152960,2493,870
707776935007539200,3014,874
707741517457260545,2294,556
707738799544082433,3743,2207
707693576495472641,3132,919
707629649552134146,2360,788
707610948723478529,15636,5740
707420581654872064,2077,635
707411934438625280,2119,546
707387676719185920,3220,1151
707377100785885184,3019,977
707315916783140866,2288,580
707297311098011648,2585,712
707059547140169728,2406,619
707038192327901184,2021,719
707021089608753152,3743,1226
707014260413456384,2122,544
706904523814649856,13463,7128
706901761596989440,1892,527
706681918348251136,3032,896
706644897839910912,2356,989
706593038911545345,1992,582
706538006853918722,3202,1297
706516534877929472,2880,931
706346369204748288,3184,843
706310011488698368,19577,7154
706291001778950144,1572,439
706265994973601792,2529,851
706169069255446529,3600,2004
706166467411222528,4742,1458
706153300320784384,1365,345
705975130514706432,2869,666
705970349788291072,2933,799
705898680587526145,2194,496
705786532653883392,1798,468
705591895322394625,2920,1035
705475953783398401,2750,832
705442520700944385,4076,1465
705428427625635840,3523,1526
705239209544720384,2778,679
705223444686888960,2385,716
705102439679201280,1967,475
705066031337840642,2018,556
704871453724954624,3967,1018
704859558691414016,2076,477
704847917308362754,4712,1370
704819833553219584,2452,900
704761120771465216,6147,2636
704499785726889984,2666,908
704491224099647488,690,71
704480331685040129,3150,981
704364645503647744,7355,3236
704347321748819968,1448,314
704134088924532736,1390,413
704113298707505153,1718,520
704054845121142784,2697,844
703774238772166656,1711,405
703769065844768768,3022,1025
703631701117943808,2368,602
703611486317502464,3552,1385
703425003149250560,3509,1225
703407252292673536,2261,624
703382836347330562,3229,1035
703356393781329922,1770,346
703268521220972544,1827,495
703079050210877440,6828,2808
703041949650034688,24385,11344
702932127499816960,2376,654
702899151802126337,1485,413
702684942141153280,2990,965
702671118226825216,2022,509
702598099714314240,11355,3142
702539513671897089,2654,873
702332542343577600,2938,1387
702321140488925184,3034,956
702276748847800320,2287,695
702217446468493312,4401,1229
701981390485725185,3167,893
701952816642965504,3547,932
701889187134500865,3253,1257
701805642395348998,3129,1512
701601587219795968,1930,416
701570477911896070,2584,841
701545186879471618,2458,551
701214700881756160,11296,4643
700890391244103680,2047,510
700864154249383937,2404,558
700847567345688576,2282,452
700796979434098688,2262,863
700747788515020802,21060,8462
700518061187723268,2398,723
700505138482569216,2109,523
700462010979500032,3788,1626
700167517596164096,2436,656
700151421916807169,2061,611
700143752053182464,6939,2443
700062718104104960,2453,614
700029284593901568,1920,532
700002074055016451,3037,1206
699801817392291840,2782,851
699788877217865730,2065,470
699779630832685056,2510,1111
699775878809702401,1812,541
699691744225525762,9486,4167
699446877801091073,5523,2401
699434518667751424,2034,468
699423671849451520,1252,290
699413908797464576,1932,572
699370870310113280,1755,394
699323444782047232,2911,784
699088579889332224,2091,565
699079609774645248,2261,576
699072405256409088,2724,1081
699060279947165696,3439,1627
699036661657767936,2408,1094
698989035503689728,3087,879
698953797952008193,2491,832
698907974262222848,2344,556
698710712454139905,2278,620
698703483621523456,1330,337
698635131305795584,1198,315
698549713696649216,2151,561
698355670425473025,1707,397
698342080612007937,2081,873
698262614669991936,4412,1800
698195409219559425,15545,5459
698178924120031232,2597,678
697995514407682048,1416,306
697990423684476929,3022,1174
697943111201378304,2208,618
697881462549430272,2788,1058
697630435728322560,1604,498
697616773278015490,2898,925
697596423848730625,2789,1135
697575480820686848,1893,455
697516214579523584,1880,996
697482927769255936,2245,603
697463031882764288,3176,1275
697270446429966336,4353,1719
697259378236399616,3049,908
697255105972801536,2852,1058
697242256848379904,2334,618
696900204696625153,2927,941
696894894812565505,2176,621
696886256886657024,4455,1631
696877980375769088,2266,642
696754882863349760,1374,329
696744641916489729,1899,838
696713835009417216,2182,587
696518437233913856,3645,1573
696490539101908992,1136,127
696488710901260288,2319,930
696405997980676096,2934,1054
696100768806522880,1782,588
695816827381944320,2767,1056
695794761660297217,2922,709
695767669421768709,1713,666
695629776980148225,4211,1900
695446424020918272,4102,1657
695409464418041856,8011,3257
695314793360662529,3345,1303
695095422348574720,2465,552
695074328191332352,2618,998
695064344191721472,1482,530
695051054296211456,2441,718
694925794720792577,2502,823
694905863685980160,2541,839
694669722378485760,33085,13110
694356675654983680,1389,251
694352839993344000,1884,542
694342028726001664,1465,432
694329668942569472,1828,451
694206574471057408,3825,1860
694183373896572928,2713,844
694001791655137281,3147,926
693993230313091072,1740,359
693942351086120961,1628,330
693647888581312512,2483,522
693644216740769793,1268,115
693642232151285760,2362,377
693629975228977152,2265,723
693622659251335168,1423,338
693590843962331137,4671,1783
693582294167244802,1523,223
693486665285931008,1634,572
693280720173801472,3095,1126
693267061318012928,2205,734
693262851218264065,2052,452
693231807727280129,2661,673
693155686491000832,7275,2904
693109034023534592,1571,551
693095443459342336,1707,406
692919143163629568,2505,700
692905862751522816,2242,791
692901601640583168,1620,539
692894228850999298,2089,718
692828166163931137,2663,799
692752401762250755,6294,3311
692568918515392513,4039,1396
692535307825213440,2910,1237
692530551048294401,1709,370
692423280028966913,1369,198
692417313023332352,8676,3145
692187005137076224,2344,749
692158366030913536,1976,721
692142790915014657,1515,355
692041934689402880,3130,1134
692017291282812928,2678,873
691820333922455552,3663,1499
691793053716221953,7506,3838
691756958957883396,2608,889
691675652215414786,1801,461
691483041324204033,2204,502
691459709405118465,3737,1028
691444869282295808,2439,754
691416866452082688,17892,6931
691321916024623104,2393,602
691096613310316544,2767,797
691090071332753408,1606,307
690989312272396288,5456,2620
690959652130045952,3324,1118
690938899477221376,3781,1755
690932576555528194,3033,911
690735892932222976,3508,1157
690728923253055490,2009,469
690690673629138944,2157,751
690649993829576704,1203,250
690607260360429569,279,14
690597161306841088,1789,548
690400367696297985,1747,406
690374419777196032,2978,763
690360449368465409,2456,796
690348396616552449,1373,464
690248561355657216,1544,370
690021994562220032,2587,924
690015576308211712,2311,663
690005060500217858,3391,1539
689999384604450816,1308,329
689993469801164801,1349,409
689977555533848577,1271,410
689905486972461056,2263,624
689877686181715968,2806,1045
689835978131935233,2022,689
689661964914655233,3003,852
689659372465688576,9545,3486
689623661272240129,2045,581
689599056876867584,10791,5029
689557536375177216,1905,405
689517482558820352,3136,1300
689289219123089408,2074,850
689283819090870273,3024,1005
689280876073582592,1830,642
689275259254616065,1055,225
689255633275777024,2357,978
689154315265683456,2863,899
689143371370250240,1869,457
688916208532455424,2502,773
688908934925697024,1945,708
688898160958271489,1933,711
688894073864884227,2062,622
688828561667567616,1280,326
688804835492233216,890,170
688789766343622656,2060,604
688547210804498433,2406,627
688519176466644993,2155,661
688385280030670848,8570,4085
688211956440801280,2081,760
688179443353796608,1980,532
688116655151435777,2618,700
688064179421470721,1601,324
687841446767013888,5033,2256
687826841265172480,2526,1012
687818504314159109,2282,866
687807801670897665,2202,660
687732144991551489,1625,597
687704180304273409,2245,767
687664829264453632,1807,471
687494652870668288,1761,530
687480748861947905,1477,222
687476254459715584,1833,483
687460506001633280,1911,492
687399393394311168,1753,555
687317306314240000,18681,8359
687312378585812992,4020,1736
687127927494963200,4981,2056
687124485711986689,2020,462
687109925361856513,5370,2238
687102708889812993,2171,873
687096057537363968,2081,552
686947101016735744,7999,2905
686760001961103360,3245,1258
686749460672679938,3206,1321
686730991906516992,3813,1093
686683045143953408,2611,735
686618349602762752,3415,1240
686606069955735556,1754,492
686394059078897668,1600,632
686386521809772549,3016,792
686377065986265092,2052,515
686358356425093120,2000,602
686286779679375361,3729,1527
686050296934563840,2066,664
686035780142297088,1062,104
686034024800862208,2851,1038
686007916130873345,2284,366
686003207160610816,1684,563
685973236358713344,1941,477
685943807276412928,1499,536
685906723014619143,6911,2596
685681090388975616,1887,110
685667379192414208,2186,511
685663452032069632,2976,1335
685641971164143616,2695,700
685547936038666240,30416,14152
685532292383666176,2813,1047
685325112850124800,8686,3590
685321586178670592,2450,579
685315239903100929,3033,944
685307451701334016,1928,397
685268753634967552,2846,1078
685198997565345792,2143,589
685169283572338688,3789,1281
684969860808454144,2218,328
684959798585110529,6296,2816
684940049151070208,2965,947
684926975086034944,3226,417
684914660081053696,3226,1325
684902183876321280,1719,466
684880619965411328,1923,728
684830982659280897,32398,19722
684800227459624960,2517,906
684594889858887680,8190,3171
684588130326986752,3814,1280
684567543613382656,2763,1105
684538444857667585,2439,856
684481074559381504,3571,1071
684460069371654144,1820,503
684241637099323392,7493,2954
684225744407494656,1148,184
684222868335505415,3521,1241
684200372118904832,1987,945
684195085588783105,1765,457
684188786104872960,3226,1054
684177701129875456,1867,594
684147889187209216,2746,1376
684122891630342144,1862,426
684097758874210310,3799,1299
683857920510050305,3528,1021
683852578183077888,1797,316
683849932751646720,2415,856
683834909291606017,2413,1024
683828599284170753,2592,973
683773439333797890,3078,1221
683742671509258241,5986,3008
683515932363329536,6799,2619
683498322573824003,2935,874
683481228088049664,2452,904
683462770029932544,2241,620
683449695444799489,3584,1459
683391852557561860,7056,2180
683357973142474752,2672,825
683142553609318400,2650,938
683111407806746624,3149,818
683098815881154561,2001,589
683078886620553216,1858,520
683030066213818368,2002,671
682962037429899265,33831,14900
682808988178739200,1631,155
682788441537560576,2287,1019
682750546109968385,1407,398
682697186228989953,1217,332
682662431982772225,2819,988
682638830361513985,1913,535
682429480204398592,3184,1046
682406705142087680,6972,1589
682393905736888321,2077,598
682389078323662849,1543,424
682303737705140231,2826,886
682259524040966145,3815,1079
682242692827447297,2971,1040
682088079302213632,16812,8908
682059653698686977,4543,1531
682047327939461121,2954,848
682032003584274432,6069,1797
682003177596559360,2874,1371
681981167097122816,2601,922
681891461017812993,2276,746
681694085539872773,11830,3695
681679526984871937,1628,400
681654059175129088,2427,819
681610798867845120,1735,419
681579835668455424,3255,1179
681523177663676416,13189,5214
681340665377193984,1517,245
681339448655802368,8566,3708
681320187870711809,2413,672
681302363064414209,3602,1625
681297372102656000,2961,857
681281657291280384,2964,997
681261549936340994,1334,236
681242418453299201,1359,470
681231109724700672,2243,441
681193455364796417,3422,1339
680970795137544192,2215,585
680959110691590145,4224,1824
680940246314430465,2926,937
680934982542561280,1920,394
680913438424612864,2213,563
680889648562991104,1615,326
680836378243002368,3191,1185
680805554198020098,1980,607
680801747103793152,2189,742
680798457301471234,2608,938
680609293079592961,2414,628
680583894916304897,3308,1192
680497766108381184,3891,1736
680494726643068929,1574,440
680473011644985345,2346,673
680440374763077632,1329,443
680221482581123072,1363,262
680206703334408192,2592,1050
680191257256136705,1981,441
680176173301628928,3566,1399
680161097740095489,2136,672
680145970311643136,3313,1561
680130881361686529,2117,857
680115823365742593,2498,830
680100725817409536,3305,1253
680085611152338944,11762,8155
680070545539371008,2388,776
679877062409191424,1800,581
679872969355714560,2012,598
679862121895714818,2254,557
679854723806179328,2616,1102
679844490799091713,2187,687
679828447187857408,33190,12607
679777920601223168,2855,998
679736210798047232,1915,718
679729593985699840,1992,749
679722016581222400,1538,426
679530280114372609,4374,1886
679527802031484928,2429,653
679511351870550016,3074,1147
679503373272485890,2918,1338
679475951516934144,1926,585
679462823135686656,29431,17028
679405845277462528,2165,1073
679158373988876288,19447,7249
679148763231985668,2557,927
679132435750195208,2708,1036
679111216690831360,5440,2315
679062614270468097,15491,7215
679047485189439488,2057,587
679001094530465792,2600,1096
678991772295516161,2071,1017
678969228704284672,1498,409
678800283649069056,2357,821
678798276842360832,3167,1030
678774928607469569,2575,821
678767140346941444,3222,1229
678764513869611008,1482,416
678755239630127104,6490,2935
678740035362037760,3403,1490
678708137298427904,5133,2191
678675843183484930,2605,1321
678643457146150913,1881,360
678446151570427904,3655,1372
678424312106393600,5007,2279
678410210315247616,3829,1610
678399652199309312,73534,28591
678396796259975168,1458,375
678389028614488064,1715,383
678380236862578688,2244,823
678341075375947776,1576,473
678334497360859136,1183,224
678278586130948096,10422,5497
678255464182861824,1453,328
678023323247357953,1742,341
678021115718029313,12386,5640
677961670166224897,3142,1525
677918531514703872,1219,364
677895101218201600,4399,1845
677716515794329600,2785,877
677700003327029250,3116,1292
677698403548192770,1117,286
677687604918272002,2262,756
677673981332312066,3035,1351
677662372920729601,1777,843
677644091929329666,1711,727
677573743309385728,1939,600
677565715327688705,1190,411
677557565589463040,2223,1017
677547928504967168,6328,3299
677530072887205888,967,204
677335745548390400,2761,1551
677334615166730240,1228,253
677331501395156992,987,209
677328882937298944,3338,1345
677314812125323265,1499,471
677301033169788928,1114,354
677269281705472000,1798,636
677228873407442944,3211,1468
677187300187611136,2484,813
676975532580409345,2528,951
676957860086095872,2028,720
676949632774234114,1188,348
676948236477857792,1959,776
676946864479084545,1577,327
676942428000112642,1877,668
676936541936185344,11629,4435
676916996760600576,2698,1617
676897532954456065,2051,649
676864501615042560,1901,628
676821958043033607,20748,13799
676819651066732545,1656,602
676811746707918848,1305,379
676776431406465024,4530,1805
676617503762681856,2615,855
676613908052996102,986,177
676606785097199616,1724,387
676603393314578432,1042,341
676593408224403456,4139,1892
676590572941893632,840,110
676588346097852417,2085,701
676582956622721024,1082,252
676575501977128964,2334,989
676533798876651520,1700,490
676496375194980353,1375,471
676470639084101634,10596,4182
676440007570247681,1565,590
676430933382295552,1264,302
676263575653122048,1895,484
676237365392908289,1089,251
676219687039057920,70966,27795
676215927814406144,1573,516
676191832485810177,2058,919
676146341966438401,1754,592
676121918416756736,1967,1028
676101918813499392,2585,1051
676098748976615425,2681,1251
676089483918516224,1181,392
675898130735476737,1448,505
675891555769696257,1923,765
675888385639251968,2118,841
675878199931371520,3781,1243
675870721063669760,1469,500
675853064436391936,2426,1136
675849018447167488,865,123
675845657354215424,2047,780
675822767435051008,1382,475
675820929667219457,956,208
675798442703122432,9323,3047
675781562965868544,1458,420
675740360753160193,1061,296
675710890956750848,1695,722
675707330206547968,1786,600
675706639471788032,583,86
675534494439489536,1663,363
675531475945709568,1068,332
675522403582218240,942,248
675517828909424640,1151,407
675501075957489664,15566,5225
675497103322386432,2824,1136
675489971617296384,1155,528
675483430902214656,1666,855
675432746517426176,1362,503
675372240448454658,1530,458
675362609739206656,942,196
675354435921575936,29496,14905
675349384339542016,3534,2001
675334060156301312,2490,1134
675166823650848770,3179,1387
675153376133427200,5601,2266
675149409102012420,3355,1501
675147105808306176,841,200
675146535592706048,1054,257
675145476954566656,1917,783
675135153782571009,1165,413
675113801096802304,1740,688
675111688094527488,867,214
675109292475830276,2522,999
675047298674663426,929,275
675015141583413248,2425,1048
675006312288268288,876,201
675003128568291329,1393,406
674999807681908736,1996,957
674805413498527744,764,318
674800520222154752,2705,749
674793399141146624,2223,954
674790488185167872,986,219
674788554665512960,719,181
674781762103414784,1806,1050
674774481756377088,990,411
674767892831932416,1631,692
674764817387900928,700,200
674754018082705410,1229,384
674752233200820224,1313,401
674743008475090944,1260,467
674742531037511680,429,45
674739953134403584,968,327
674737130913071104,580,80
674690135443775488,1026,412
674670581682434048,1448,568
674664755118911488,814,205
674646392044941312,1281,430
674644256330530816,929,242
674638615994089473,1519,512
674632714662858753,1345,503
674606911342424069,840,86
674468880899788800,5566,1784
674447403907457024,957,315
674436901579923456,987,344
674422304705744896,1285,466
674416750885273600,611,117
674410619106390016,1070,402
674394782723014656,1336,489
674372068062928900,767,280
674330906434379776,505,66
674318007229923329,1252,450
674307341513269249,10158,6045
674291837063053312,13205,5147
674271431610523648,1393,645
674269164442398721,824,202
674265582246694913,1463,734
674262580978937856,1180,386
674255168825880576,1305,466
674082852460433408,682,144
674075285688614912,889,246
674063288070742018,5735,1911
674053186244734976,2952,1131
674051556661161984,1294,432
674045139690631169,1268,566
674042553264685056,636,111
674038233588723717,980,368
674036086168010753,761,181
674024893172875264,1586,1087
674019345211760640,1016,265
674014384960745472,1389,560
674008982932058114,1083,300
673956914389192708,1751,838
673919437611909120,1056,327
673906403526995968,2849,1438
673887867907739649,842,221
673716320723169284,2788,670
673715861853720576,3172,1815
673711475735838725,941,265
673709992831262724,753,236
673708611235921920,954,256
673707060090052608,990,346
673705679337693185,1125,359
673700254269775872,1281,501
673697980713705472,3509,1697
673689733134946305,1544,569
673688752737402881,1126,440
673686845050527744,1277,377
673680198160809984,1230,418
673662677122719744,1130,328
673656262056419329,650,199
673636718965334016,995,308
673612854080196609,1426,632
673583129559498752,1067,314
673580926094458881,738,239
673576835670777856,1235,488
673363615379013632,932,267
673359818736984064,1288,594
673355879178194945,1345,494
673352124999274496,1496,475
673350198937153538,686,185
673345638550134785,2234,1104
673343217010679808,859,235
673342308415348736,1138,492
673320132811366400,11981,6894
673317986296586240,782,216
673295268553605120,6735,2752
673270968295534593,960,313
673240798075449344,1278,617
673213039743795200,1977,724
673148804208660480,1493,550
672997845381865473,1754,631
672995267319328768,844,253
672988786805112832,878,254
672984142909456390,1120,471
672980819271634944,1628,891
672975131468300288,1498,783
672970152493887488,840,305
672968025906282496,1186,471
672964561327235073,1261,557
672902681409806336,1233,425
672898206762672129,796,363
672884426393653248,1369,731
672877615439593473,908,302
672834301050937345,1158,504
672828477930868736,1109,419
672640509974827008,875,272
672622327801233409,1151,423
672614745925664768,1091,512
672609152938721280,971,338
672604026190569472,973,337
672594978741354496,1178,531
672591762242805761,846,286
672591271085670400,642,157
672538107540070400,902,318
672523490734551040,551,146
672488522314567680,990,373
672482722825261057,992,519
672481316919734272,639,110
672475084225949696,1299,608
672466075045466113,1191,448
672272411274932228,5725,2933
672267570918129665,1318,538
672264251789176834,1012,287
672256522047614977,2513,1329
672254177670729728,1277,652
672248013293752320,1531,524
672245253877968896,607,132
672239279297454080,806,276
672231046314901505,1624,876
672222792075620352,703,176
672205392827572224,1992,1010
672169685991993344,908,320
672160042234327040,767,304
672139350159835138,1546,597
672125275208069120,2119,993
672095186491711488,878,328
672082170312290304,839,319
672068090318987265,1141,441
671896809300709376,7623,3677
671891728106971137,1176,483
671882082306625538,3114,1214
671879137494245376,1247,575
671874878652489728,1108,479
671866342182637568,998,420
671855973984772097,794,374
671789708968640512,6329,3004
671768281401958400,1050,435
671763349865160704,1496,776
671744970634719232,1211,667
671743150407421952,675,202
671735591348891648,1286,657
671729906628341761,7490,3806
671561002136281088,11396,6324
671550332464455680,810,183
671547767500775424,1205,499
671544874165002241,1728,889
671542985629241344,967,487
671538301157904385,837,336
671536543010570240,1037,344
671533943490011136,898,497
671528761649688577,736,217
671520732782923777,1222,454
671518598289059840,832,253
671511350426865664,1426,606
671504605491109889,6247,3129
671497587707535361,828,390
671488513339211776,884,415
671486386088865792,512,173
671485057807351808,678,196
671390180817915904,1280,653
671362598324076544,979,258
671357843010908160,351,133
671355857343524864,421,105
671347597085433856,835,371
671186162933985280,642,176
671182547775299584,979,284
671166507850801152,783,302
671163268581498880,1459,968
671159727754231808,313,69
671154572044468225,625,186
671151324042559489,587,128
671147085991960577,586,192
671141549288370177,1023,572
671138694582165504,823,344
671134062904504320,654,163
671122204919246848,3088,2189
671115716440031232,1217,673
671109016219725825,1003,378
670995969505435648,970,244
670842764863651840,22087,7579
670840546554966016,524,166
670838202509447168,983,599
670833812859932673,382,109
670832455012716544,647,184
670826280409919488,4875,3515
670823764196741120,678,162
670822709593571328,544,83
670815497391357952,2789,1322
670811965569282048,984,231
670807719151067136,1050,428
670804601705242624,1741,821
670803562457407488,303,78
670797304698376195,661,203
670792680469889025,733,238
670789397210615808,584,210
670786190031921152,529,171
670783437142401025,725,331
670782429121134593,1350,661
670778058496974848,298,62
670764103623966721,957,371
670755717859713024,393,89
670733412878163972,851,446
670727704916926465,737,314
670717338665226240,1053,418
670704688707301377,687,319
670691627984359425,520,209
670679630144274432,666,243
670676092097810432,215,35
670668383499735048,9470,4324
670474236058800128,1341,633
670468609693655041,317,77
670465786746662913,855,467
670452855871037440,489,174
670449342516494336,1076,569
670444955656130560,6062,1746
670442337873600512,581,175
670435821946826752,940,437
670434127938719744,1255,562
670433248821026816,296,100
670428280563085312,1233,524
670427002554466305,464,142
670421925039075328,1148,552
670420569653809152,540,265
670417414769758208,501,281
670411370698022913,1796,772
670408998013820928,486,188
670403879788544000,378,130
670385711116361728,493,173
670374371102445568,669,238
670361874861563904,288,55
670338931251150849,374,96
670319130621435904,3470,1067
670303360680108032,382,107
670290420111441920,623,250
670093938074779648,909,277
670086499208155136,622,218
670079681849372674,1957,1057
670073503555706880,1386,681
670069087419133954,554,205
670061506722140161,668,290
670055038660800512,592,279
670046952931721218,576,152
670040295598354432,659,97
670037189829525505,527,240
670003130994700288,296,77
669993076832759809,288,70
669972011175813120,395,134
669970042633789440,272,43
669942763794931712,443,133
669926384437997569,339,81
669923323644657664,202,50
669753178989142016,709,341
669749430875258880,229,55
669684865554620416,448,75
669683899023405056,339,94
669682095984410625,312,116
669680153564442624,587,244
669661792646373376,714,367
669625907762618368,3127,1570
669603084620980224,846,316
669597912108789760,447,133
669583744538451968,1323,804
669573570759163904,388,120
669571471778410496,1408,882
669567591774625800,202,45
669564461267722241,337,104
669393256313184256,313,62
669375718304980992,1179,632
669371483794317312,438,148
669367896104181761,406,130
669363888236994561,558,202
669359674819481600,332,103
669354382627049472,2392,1095
669353438988365824,566,228
669351434509529089,381,157
669328503091937280,907,367
669327207240699904,498,102
669324657376567296,440,182
669216679721873412,1058,348
669214165781868544,385,135
669203728096960512,890,408
669037058363662336,573,265
669015743032369152,651,324
669006782128353280,509,209
669000397445533696,18700,5526
668994913074286592,391,191
668992363537309700,658,293
668989615043424256,596,288
668988183816871936,800,389
668986018524233728,479,140
668981893510119424,483,259
668979806671884288,705,294
668975677807423489,1157,496
668967877119254528,127,18
668960084974809088,620,210
668955713004314625,241,63
668932921458302977,227,50
668902994700836864,276,88
668892474547511297,354,126
668872652652679168,477,268
668852170888998912,409,139
668826086256599040,384,112
668815180734689280,493,227
668779399630725120,627,325
668655139528511488,474,189
668645506898350081,773,457
668643542311546881,788,447
668641109086707712,944,466
668636665813057536,922,435
668633411083464705,2468,1382
668631377374486528,618,280
668627278264475648,281,97
668625577880875008,330,111
668623201287675904,1248,654
668620235289837568,181,35
668614819948453888,545,272
668587383441514497,1478,922
668567822092664832,206,46
668544745690562560,453,197
668542336805281792,403,182
668537837512433665,227,61
668528771708952576,404,189
668507509523615744,279,87
668496999348633600,359,114
668484198282485761,372,207
668480044826800133,397,127
668466899341221888,768,442
668297328638447616,557,255
668291999406125056,213,28
668286279830867968,436,118
668274247790391296,721,198
668268907921326080,485,206
668256321989451776,1153,518
668248472370458624,842,408
668237644992782336,5450,2426
668226093875376128,247,85
668221241640230912,452,169
668204964695683073,489,173
668190681446379520,577,171
668171859951755264,425,162
668154635664932864,440,273
668142349051129856,510,239
668113020489474048,585,208
667937095915278337,1116,693
667924896115245057,264,95
667915453470232577,184,46
667911425562669056,431,246
667902449697558528,760,334
667886921285246976,1646,908
667885044254572545,729,400
667878741721415682,349,101
667873844930215936,553,340
667866724293877760,2717,901
667861340749471744,221,69
667832474953625600,255,55
667806454573760512,931,417
667801013445750784,283,82
667793409583771648,609,286
667782464991965184,363,211
667773195014021121,204,44
667766675769573376,373,185
667728196545200128,325,127
667724302356258817,424,269
667550904950915073,0,29
667550882905632768,0,26
667549055577362432,5110,1957
667546741521195010,303,107
667544320556335104,762,459
667538891197542400,176,58
667534815156183040,718,446
667530908589760512,412,206
667524857454854144,1507,968
667517642048163840,332,166
667509364010450944,6067,1867
667502640335572993,485,194
667495797102141441,458,231
667491009379606528,459,190
667470559035432960,225,85
667455448082227200,171,53
667453023279554560,279,74
667443425659232256,682,489
667437278097252352,396,198
667435689202614272,266,76
667405339315146752,411,197
667393430834667520,168,50
667369227918143488,328,145
667211855547486208,425,210
667200525029539841,545,228
667192066997374976,333,86
667188689915760640,642,331
667182792070062081,12546,5276
667177989038297088,166,48
667176164155375616,525,388
667174963120574464,218,70
667171260800061440,186,72
667165590075940865,2380,972
667160273090932737,219,50
667152164079423490,42293,14615
667138269671505920,4016,1874
667119796878725120,286,106
667090893657276420,287,106
667073648344346624,351,104
667070482143944705,72,13
667065535570550784,143,40
667062181243039745,192,45
667044094246576128,163,43
667012601033924608,394,187
666996132027977728,214,79
666983947667116034,2250,847
666837028449972224,703,473
666835007768551424,185,66
666826780179869698,221,79
666817836334096384,444,212
666804364988780544,206,79
666786068205871104,657,410
666781792255496192,326,168
666776908487630848,305,150
666739327293083650,209,60
666701168228331520,371,182
666691418707132416,161,42
666649482315059201,993,524
666644823164719104,208,69
666454714377183233,448,179
666447344410484738,90,19
666437273139982337,106,40
666435652385423360,137,42
666430724426358785,278,160
666428276349472768,139,67
666421158376562688,272,91
666418789513326592,107,39
666411507551481857,372,262
666407126856765440,93,30
666396247373291520,147,69
666373753744588802,163,73
666362758909284353,649,469
666353288456101888,179,58
666345417576210432,245,124
666337882303524864,168,79
666293911632134144,426,290
666287406224695296,123,57
666273097616637952,152,68
666268910803644416,100,38
666104133288665088,12897,5486
666102155909144576,66,11
666099513787052032,134,53
666094000022159362,143,63
666082916733198337,93,37
666073100786774016,274,132
666071193221509120,127,51
666063827256086533,399,180
666058600524156928,99,47
666057090499244032,248,112
666055525042405380,367,196
666051853826850816,1026,704
666050758794694657,115,50
666049248165822465,89,37
666044226329800704,247,115
666033412701032449,100,36
666029285002620928,112,39
666020888022790149,2293,422
